0.000000000000000000e+00
0.000000000000000000e+00
0.000000000000000000e+00
0.000000000000000000e+00
0.000000000000000000e+00
0.000000000000000000e+00
0.000000000000000000e+00
0.000000000000000000e+00
0.000000000000000000e+00
0.000000000000000000e+00
0.000000000000000000e+00
3.799999999999999822e+00
3.700000000000000178e+00
3.800000000000000711e+00
3.699999999999999289e+00
0.000000000000000000e+00
0.000000000000000000e+00
0.000000000000000000e+00
0.000000000000000000e+00
0.000000000000000000e+00
0.000000000000000000e+00
0.000000000000000000e+00
0.000000000000000000e+00
-3.000000000000000000e+00
-3.000000000000000000e+00
-3.000000000000000000e+00
-3.000000000000000000e+00
-3.000000000000000000e+00
0.000000000000000000e+00
0.000000000000000000e+00
0.000000000000000000e+00
0.000000000000000000e+00
0.000000000000000000e+00
0.000000000000000000e+00
0.000000000000000000e+00
0.000000000000000000e+00
0.000000000000000000e+00
0.000000000000000000e+00
0.000000000000000000e+00
0.000000000000000000e+00
0.000000000000000000e+00
0.000000000000000000e+00
0.000000000000000000e+00
0.000000000000000000e+00
0.000000000000000000e+00
0.000000000000000000e+00
0.000000000000000000e+00
0.000000000000000000e+00
0.000000000000000000e+00
2.700000000000000178e+00
2.599999999999999645e+00
2.700000000000000178e+00
2.699999999999999289e+00
2.600000000000001421e+00
2.699999999999999289e+00
2.699999999999999289e+00
2.600000000000001421e+00
2.699999999999999289e+00
2.699999999999999289e+00
2.600000000000001421e+00
2.699999999999999289e+00
0.000000000000000000e+00
0.000000000000000000e+00
0.000000000000000000e+00
0.000000000000000000e+00
0.000000000000000000e+00
0.000000000000000000e+00
0.000000000000000000e+00
0.000000000000000000e+00
0.000000000000000000e+00
0.000000000000000000e+00
0.000000000000000000e+00
0.000000000000000000e+00
0.000000000000000000e+00
0.000000000000000000e+00
0.000000000000000000e+00
0.000000000000000000e+00
0.000000000000000000e+00
0.000000000000000000e+00
0.000000000000000000e+00
0.000000000000000000e+00
0.000000000000000000e+00
0.000000000000000000e+00
0.000000000000000000e+00
0.000000000000000000e+00
-2.899999999999998579e+00
-2.900000000000002132e+00
-2.899999999999998579e+00
-2.900000000000002132e+00
-2.899999999999998579e+00
-3.000000000000000000e+00
-2.900000000000000355e+00
-2.900000000000000355e+00
-2.899999999999999467e+00
-2.899999999999999911e+00
-2.899999999999999911e+00
0.000000000000000000e+00
0.000000000000000000e+00
0.000000000000000000e+00
0.000000000000000000e+00
0.000000000000000000e+00
0.000000000000000000e+00
0.000000000000000000e+00
0.000000000000000000e+00
0.000000000000000000e+00
0.000000000000000000e+00
0.000000000000000000e+00
0.000000000000000000e+00
0.000000000000000000e+00
0.000000000000000000e+00
0.000000000000000000e+00
0.000000000000000000e+00
0.000000000000000000e+00
0.000000000000000000e+00
0.000000000000000000e+00
0.000000000000000000e+00
0.000000000000000000e+00
1.899999999999999911e+00
1.899999999999999911e+00
2.000000000000000000e+00
1.900000000000000355e+00
1.899999999999999467e+00
1.900000000000000355e+00
2.000000000000000000e+00
1.900000000000000355e+00
1.900000000000000355e+00
1.899999999999998579e+00
2.000000000000000000e+00
2.199999999999999289e+00
1.600000000000001421e+00
1.899999999999998579e+00
1.900000000000002132e+00
2.000000000000000000e+00
1.900000000000002132e+00
1.899999999999998579e+00
1.899999999999998579e+00
2.000000000000000000e+00
1.899999999999998579e+00
1.899999999999998579e+00
1.900000000000005684e+00
2.000000000000000000e+00
1.899999999999998579e+00
1.899999999999998579e+00
0.000000000000000000e+00
0.000000000000000000e+00
0.000000000000000000e+00
0.000000000000000000e+00
0.000000000000000000e+00
0.000000000000000000e+00
0.000000000000000000e+00
0.000000000000000000e+00
0.000000000000000000e+00
0.000000000000000000e+00
0.000000000000000000e+00
0.000000000000000000e+00
-1.899999999999998579e+00
-1.899999999999998579e+00
-1.800000000000004263e+00
-1.899999999999998579e+00
-1.899999999999998579e+00
-1.800000000000004263e+00
-1.899999999999998579e+00
-1.899999999999998579e+00
0.000000000000000000e+00
0.000000000000000000e+00
0.000000000000000000e+00
0.000000000000000000e+00
0.000000000000000000e+00
0.000000000000000000e+00
0.000000000000000000e+00
0.000000000000000000e+00
0.000000000000000000e+00
0.000000000000000000e+00
0.000000000000000000e+00
0.000000000000000000e+00
0.000000000000000000e+00
-2.899999999999998579e+00
-2.900000000000002132e+00
-3.000000000000000000e+00
-2.899999999999998579e+00
-2.900000000000002132e+00
-2.899999999999998579e+00
-2.900000000000000355e+00
-2.900000000000000355e+00
-3.000000000000000000e+00
-2.899999999999999467e+00
-2.899999999999999911e+00
-2.899999999999999911e+00
0.000000000000000000e+00
0.000000000000000000e+00
0.000000000000000000e+00
0.000000000000000000e+00
0.000000000000000000e+00
0.000000000000000000e+00
0.000000000000000000e+00
