0.000000000000000000e+00
3.449999999999999595e-02
6.899999999999999190e-02
1.034999999999999809e-01
1.379999999999999838e-01
1.724999999999999867e-01
2.069999999999999618e-01
2.414999999999999647e-01
2.759999999999999676e-01
3.104999999999999427e-01
3.449999999999999734e-01
3.794999999999999485e-01
4.139999999999999236e-01
4.484999999999999543e-01
4.829999999999999294e-01
5.174999999999999600e-01
5.519999999999999352e-01
5.864999999999999103e-01
6.209999999999998854e-01
6.554999999999999716e-01
6.899999999999999467e-01
6.599999999999999201e-01
6.300000000000000044e-01
5.999999999999999778e-01
5.699999999999999512e-01
5.400000000000000355e-01
5.100000000000000089e-01
5.018181818181818299e-01
4.936363636363636509e-01
4.854545454545454719e-01
4.772727272727272929e-01
4.690909090909091139e-01
4.609090909090909349e-01
4.527272727272727004e-01
4.445454545454545214e-01
4.363636363636363424e-01
4.281818181818181634e-01
4.199999999999999845e-01
4.179999999999999827e-01
4.159999999999999809e-01
4.139999999999999791e-01
4.119999999999999774e-01
4.100000000000000311e-01
4.080000000000000293e-01
4.060000000000000275e-01
4.040000000000000258e-01
4.020000000000000240e-01
4.000000000000000222e-01
3.714285714285714413e-01
3.428571428571428603e-01
3.142857142857142794e-01
2.857142857142856984e-01
2.571428571428571175e-01
2.285714285714285920e-01
2.000000000000000111e-01
1.714285714285714302e-01
1.428571428571428492e-01
1.142857142857142683e-01
8.571428571428568732e-02
5.714285714285716189e-02
2.857142857142858094e-02
0.000000000000000000e+00
-1.379999999999999977e-02
-2.759999999999999953e-02
-4.139999999999999930e-02
-5.519999999999999907e-02
-6.900000000000000577e-02
-8.279999999999999860e-02
-9.659999999999999143e-02
-1.103999999999999981e-01
-1.242000000000000048e-01
-1.380000000000000115e-01
-1.517999999999999905e-01
-1.655999999999999972e-01
-1.794000000000000039e-01
-1.931999999999999829e-01
-2.069999999999999896e-01
-2.207999999999999963e-01
-2.346000000000000030e-01
-2.484000000000000097e-01
-2.621999999999999886e-01
-2.760000000000000231e-01
-2.898000000000000020e-01
-3.035999999999999810e-01
-3.174000000000000155e-01
-3.311999999999999944e-01
-3.449999999999999734e-01
-3.588000000000000078e-01
-3.725999999999999868e-01
-3.863999999999999657e-01
-4.002000000000000002e-01
-4.139999999999999791e-01
-4.278000000000000136e-01
-4.415999999999999925e-01
-4.553999999999999715e-01
-4.692000000000000060e-01
-4.829999999999999849e-01
-4.968000000000000194e-01
-5.105999999999999428e-01
-5.243999999999999773e-01
-5.382000000000000117e-01
-5.520000000000000462e-01
-5.657999999999999696e-01
-5.796000000000000041e-01
-5.934000000000000385e-01
-6.071999999999999620e-01
-6.209999999999999964e-01
-6.348000000000000309e-01
-6.485999999999999543e-01
-6.623999999999999888e-01
-6.762000000000000233e-01
-6.899999999999999467e-01
-6.037500000000000089e-01
-5.174999999999999600e-01
-4.312499999999999667e-01
-3.449999999999999734e-01
-2.587499999999999800e-01
-1.724999999999999867e-01
-8.624999999999993783e-02
0.000000000000000000e+00
6.231884057971014308e-03
1.246376811594202862e-02
1.869565217391304379e-02
2.492753623188405723e-02
3.115942028985507067e-02
3.739130434782608758e-02
4.362318840579709756e-02
4.985507246376811447e-02
5.608695652173913138e-02
6.231884057971014135e-02
6.855072463768115132e-02
7.478260869565217517e-02
8.101449275362318514e-02
8.724637681159419511e-02
9.347826086956521896e-02
9.971014492753622893e-02
1.059420289855072389e-01
1.121739130434782628e-01
1.184057971014492727e-01
1.246376811594202827e-01
1.308695652173912927e-01
1.371014492753623026e-01
1.433333333333333404e-01
1.495652173913043503e-01
1.557971014492753603e-01
1.620289855072463703e-01
1.682608695652173803e-01
1.744927536231883902e-01
1.807246376811594279e-01
1.869565217391304379e-01
1.931884057971014479e-01
1.994202898550724579e-01
2.056521739130434678e-01
2.118840579710144778e-01
2.181159420289854878e-01
2.243478260869565255e-01
2.305797101449275355e-01
2.368115942028985454e-01
2.430434782608695554e-01
2.492753623188405654e-01
2.555072463768116031e-01
2.617391304347825853e-01
2.679710144927536231e-01
2.742028985507246053e-01
2.804347826086956430e-01
2.866666666666666807e-01
2.928985507246376629e-01
2.991304347826087007e-01
3.053623188405796829e-01
3.115942028985507206e-01
3.178260869565217028e-01
3.240579710144927406e-01
3.302898550724637783e-01
3.365217391304347605e-01
3.427536231884057982e-01
3.489855072463767804e-01
3.552173913043478182e-01
3.614492753623188559e-01
3.676811594202898381e-01
3.739130434782608758e-01
3.801449275362318581e-01
3.863768115942028958e-01
3.926086956521738780e-01
3.988405797101449157e-01
4.050724637681159535e-01
4.113043478260869357e-01
4.175362318840579734e-01
4.237681159420289556e-01
4.299999999999999933e-01
3.969230769230769340e-01
3.638461538461538192e-01
3.307692307692307598e-01
2.976923076923077005e-01
2.646153846153846412e-01
2.315384615384615541e-01
1.984615384615384670e-01
1.653846153846154077e-01
1.323076923076923483e-01
9.923076923076928901e-02
6.615384615384617417e-02
3.307692307692311484e-02
0.000000000000000000e+00
4.799999999999999580e-03
9.599999999999999159e-03
1.439999999999999961e-02
1.919999999999999832e-02
2.399999999999999703e-02
2.879999999999999921e-02
3.359999999999999792e-02
3.839999999999999664e-02
4.319999999999999535e-02
4.799999999999999406e-02
5.279999999999999277e-02
5.759999999999999842e-02
6.239999999999999714e-02
6.719999999999999585e-02
7.199999999999999456e-02
7.679999999999999327e-02
8.159999999999999198e-02
8.639999999999999070e-02
9.119999999999998941e-02
9.599999999999998812e-02
1.007999999999999868e-01
1.055999999999999855e-01
1.103999999999999843e-01
1.151999999999999968e-01
1.199999999999999956e-01
1.247999999999999943e-01
1.295999999999999930e-01
1.343999999999999917e-01
1.391999999999999904e-01
1.439999999999999891e-01
1.487999999999999878e-01
1.535999999999999865e-01
1.583999999999999853e-01
1.631999999999999840e-01
1.679999999999999827e-01
1.727999999999999814e-01
1.775999999999999801e-01
1.823999999999999788e-01
1.871999999999999775e-01
1.919999999999999762e-01
1.967999999999999750e-01
2.015999999999999737e-01
2.063999999999999724e-01
2.111999999999999711e-01
2.159999999999999698e-01
2.207999999999999685e-01
2.255999999999999672e-01
2.303999999999999937e-01
2.351999999999999924e-01
2.399999999999999911e-01
2.331428571428571239e-01
2.262857142857142845e-01
2.194285714285714173e-01
2.125714285714285778e-01
2.057142857142857106e-01
1.988571428571428434e-01
1.920000000000000040e-01
1.851428571428571368e-01
1.782857142857142696e-01
1.714285714285714302e-01
1.645714285714285630e-01
1.577142857142856958e-01
1.508571428571428563e-01
1.439999999999999891e-01
1.371428571428571219e-01
1.302857142857142825e-01
1.234285714285714292e-01
1.165714285714285758e-01
1.097142857142857086e-01
1.028571428571428692e-01
9.600000000000000200e-02
8.914285714285713480e-02
8.228571428571429536e-02
7.542857142857142816e-02
6.857142857142856096e-02
6.171428571428572152e-02
5.485714285714285432e-02
4.799999999999998712e-02
4.114285714285714768e-02
3.428571428571428048e-02
2.742857142857144104e-02
2.057142857142857384e-02
1.371428571428570664e-02
6.857142857142867198e-03
0.000000000000000000e+00
9.333333333333334106e-03
1.866666666666666821e-02
2.800000000000000405e-02
3.733333333333333642e-02
4.666666666666666879e-02
5.600000000000000810e-02
6.533333333333334048e-02
7.466666666666667285e-02
8.400000000000000522e-02
9.333333333333333759e-02
1.026666666666666700e-01
1.120000000000000162e-01
1.213333333333333486e-01
1.306666666666666810e-01
1.400000000000000133e-01
1.493333333333333457e-01
1.586666666666666781e-01
1.680000000000000104e-01
1.773333333333333428e-01
1.866666666666666752e-01
1.960000000000000075e-01
2.053333333333333399e-01
2.146666666666666723e-01
2.240000000000000324e-01
2.333333333333333648e-01
2.426666666666666972e-01
2.520000000000000018e-01
2.613333333333333619e-01
2.706666666666666665e-01
2.800000000000000266e-01
2.660000000000000142e-01
2.520000000000000018e-01
2.380000000000000171e-01
2.240000000000000324e-01
2.100000000000000200e-01
1.960000000000000075e-01
1.819999999999999951e-01
1.680000000000000104e-01
1.539999999999999980e-01
1.400000000000000133e-01
1.260000000000000009e-01
1.119999999999999885e-01
9.800000000000000377e-02
8.399999999999999134e-02
7.000000000000000666e-02
5.599999999999999423e-02
4.199999999999998179e-02
2.799999999999996936e-02
1.400000000000001243e-02
0.000000000000000000e+00
-6.899999999999999190e-02
-1.379999999999999838e-01
-2.069999999999999618e-01
-2.759999999999999676e-01
-3.449999999999999734e-01
-4.139999999999999236e-01
-4.829999999999999294e-01
-5.519999999999999352e-01
-6.209999999999998854e-01
-6.899999999999999467e-01
-7.118749999999999245e-01
-7.337499999999999023e-01
-7.556249999999999911e-01
-7.774999999999999689e-01
-7.993749999999999467e-01
-8.212500000000000355e-01
-8.431250000000000133e-01
-8.649999999999999911e-01
-8.868749999999999689e-01
-9.087499999999999467e-01
-9.306250000000000355e-01
-9.525000000000000133e-01
-9.743749999999999911e-01
-9.962500000000000799e-01
-1.018124999999999947e+00
-1.040000000000000036e+00
-1.083749999999999991e+00
-1.127499999999999947e+00
-1.171249999999999902e+00
-1.214999999999999858e+00
-1.258750000000000036e+00
-1.302499999999999991e+00
-1.346249999999999947e+00
-1.389999999999999902e+00
-1.250999999999999890e+00
-1.111999999999999877e+00
-9.729999999999999760e-01
-8.339999999999999636e-01
-6.949999999999999512e-01
-5.560000000000000497e-01
-4.170000000000000373e-01
-2.780000000000000249e-01
-1.390000000000000124e-01
0.000000000000000000e+00
