0.000000000000000000e+00
0.000000000000000000e+00
0.000000000000000000e+00
0.000000000000000000e+00
3.000000000000000000e+00
2.900000000000000355e+00
2.699999999999999289e+00
2.900000000000000355e+00
2.800000000000000711e+00
2.599999999999997868e+00
4.000000000000021316e-01
8.000000000000007105e-01
2.599999999999997868e+00
1.000000000000000000e+00
6.999999999999992895e-01
1.000000000000014211e-01
-3.999999999999985789e-01
-6.000000000000014211e-01
-6.000000000000014211e-01
-5.000000000000000000e-01
-5.999999999999978684e-01
-2.800000000000000711e+00
-2.099999999999999645e+00
0.000000000000000000e+00
2.999999999999989342e-01
3.000000000000007105e-01
5.000000000000000000e-01
1.100000000000001421e+00
2.000000000000000000e+00
2.000000000000000000e+00
1.599999999999997868e+00
1.999999999999992895e-01
-1.999999999999992895e-01
-9.999999999999786837e-02
-1.300000000000000711e+00
-2.300000000000000711e+00
-1.899999999999998579e+00
-1.300000000000000711e+00
0.000000000000000000e+00
1.899999999999998579e+00
2.100000000000001421e+00
1.800000000000000711e+00
1.599999999999997868e+00
1.000000000000000000e+00
4.000000000000021316e-01
2.999999999999971578e-01
1.000000000000014211e-01
6.999999999999992895e-01
4.000000000000021316e-01
5.999999999999978684e-01
8.000000000000007105e-01
1.100000000000001421e+00
6.999999999999992895e-01
5.000000000000000000e-01
3.000000000000007105e-01
2.999999999999971578e-01
3.000000000000007105e-01
0.000000000000000000e+00
-1.999999999999992895e-01
-1.000000000000014211e-01
-9.999999999999786837e-02
9.999999999999786837e-02
4.000000000000021316e-01
-4.000000000000021316e-01
-5.000000000000000000e-01
-3.999999999999985789e-01
3.000000000000007105e-01
5.000000000000000000e-01
3.999999999999985789e-01
1.999999999999992895e-01
1.000000000000014211e-01
-1.000000000000014211e-01
-5.000000000000000000e-01
-5.999999999999978684e-01
9.999999999999786837e-02
3.000000000000007105e-01
5.000000000000000000e-01
5.000000000000000000e-01
6.000000000000014211e-01
4.000000000000021316e-01
1.999999999999957367e-01
-1.999999999999957367e-01
-5.000000000000035527e-01
-3.099999999999997868e+00
-3.500000000000000000e+00
-3.500000000000000000e+00
-3.500000000000000000e+00
-3.500000000000001776e+00
-3.500000000000000000e+00
-3.500000000000000000e+00
-3.500000000000000000e+00
-3.499999999999999556e+00
-5.999999999999999778e-01
0.000000000000000000e+00
0.000000000000000000e+00
0.000000000000000000e+00
0.000000000000000000e+00
3.299999999999999822e+00
3.299999999999999822e+00
3.300000000000000711e+00
3.299999999999998934e+00
3.300000000000000711e+00
3.300000000000000711e+00
2.399999999999998579e+00
2.100000000000001421e+00
1.500000000000000000e+00
5.999999999999978684e-01
-6.999999999999992895e-01
-5.999999999999978684e-01
-4.000000000000021316e-01
5.000000000000000000e-01
1.999999999999992895e-01
1.800000000000000711e+00
-6.999999999999992895e-01
-2.500000000000000000e+00
-1.300000000000000711e+00
-3.300000000000000711e+00
-1.699999999999999289e+00
-5.000000000000000000e-01
9.000000000000021316e-01
5.000000000000000000e-01
1.399999999999998579e+00
6.999999999999992895e-01
1.000000000000000000e+00
6.999999999999992895e-01
1.000000000000014211e-01
-3.999999999999985789e-01
-6.000000000000014211e-01
-6.000000000000014211e-01
-5.000000000000000000e-01
-5.999999999999978684e-01
-2.800000000000000711e+00
1.000000000000014211e-01
-1.300000000000000711e+00
0.000000000000000000e+00
1.899999999999998579e+00
2.100000000000001421e+00
1.800000000000000711e+00
5.999999999999978684e-01
2.300000000000000711e+00
1.999999999999992895e-01
1.000000000000014211e-01
-1.000000000000014211e-01
-9.999999999999786837e-02
0.000000000000000000e+00
5.000000000000000000e-01
5.000000000000000000e-01
9.999999999999786837e-02
-3.000000000000007105e-01
-5.000000000000000000e-01
1.000000000000014211e-01
3.999999999999985789e-01
6.000000000000014211e-01
0.000000000000000000e+00
-3.000000000000007105e-01
4.000000000000021316e-01
5.999999999999978684e-01
6.000000000000014211e-01
3.199999999999999289e+00
3.000000000000000000e+00
2.700000000000002842e+00
1.099999999999994316e+00
2.000000000000000000e+00
1.200000000000002842e+00
1.600000000000001421e+00
1.399999999999998579e+00
1.600000000000001421e+00
8.999999999999985789e-01
7.999999999999971578e-01
7.000000000000028422e-01
0.000000000000000000e+00
-2.000000000000028422e-01
-9.999999999999431566e-02
0.000000000000000000e+00
1.999999999999957367e-01
5.000000000000000000e-01
6.000000000000014211e-01
6.000000000000014211e-01
3.999999999999985789e-01
5.000000000000000000e-01
6.000000000000014211e-01
3.999999999999985789e-01
5.000000000000000000e-01
7.000000000000028422e-01
1.000000000000000000e+00
8.999999999999985789e-01
5.000000000000000000e-01
2.999999999999971578e-01
1.000000000000014211e-01
-1.000000000000014211e-01
-2.999999999999971578e-01
0.000000000000000000e+00
1.999999999999957367e-01
3.000000000000042633e-01
3.999999999999985789e-01
2.000000000000028422e-01
3.999999999999985789e-01
1.999999999999957367e-01
3.000000000000042633e-01
1.000000000000014211e-01
0.000000000000000000e+00
-4.000000000000056843e-01
-2.999999999999971578e-01
-1.000000000000000000e+00
-1.600000000000001421e+00
-1.799999999999997158e+00
1.999999999999957367e-01
3.000000000000042633e-01
3.999999999999985789e-01
5.000000000000000000e-01
5.000000000000000000e-01
5.000000000000000000e-01
8.999999999999985789e-01
5.000000000000000000e-01
2.000000000000028422e-01
3.999999999999985789e-01
0.000000000000000000e+00
-2.000000000000028422e-01
-5.999999999999943157e-01
-7.000000000000028422e-01
-8.999999999999985789e-01
-1.100000000000001421e+00
-1.000000000000000000e+00
-1.000000000000000000e+00
-2.500000000000000000e+00
-3.500000000000000000e+00
-3.500000000000000000e+00
-3.500000000000000000e+00
-3.500000000000000000e+00
-3.500000000000000000e+00
-3.500000000000000000e+00
-3.500000000000000000e+00
-3.500000000000000000e+00
-3.500000000000000000e+00
-3.500000000000000000e+00
-3.500000000000000000e+00
-3.500000000000000000e+00
-3.500000000000000000e+00
-2.500000000000000000e+00
0.000000000000000000e+00
